CC =     0.477400 pF
Rz =    46.496318 kΩ
I5 =     8.674358 μA

S1 =     1.816719
S2 =     1.816719
S3 =    25.508331
S4 =    25.508331
S5 =     3.024399
S6 =    37.567524
S7 =     8.908399
S8 =     3.024399

Av =   166.962002
Pdiss = 0.0557594 mW
