CC: 000.477400 pF
I5: 008.674358 μA

S1: 001.000000
S2: 001.000000
S3: 025.508331
S4: 025.508331
S5: 006.490297
S6: 071.425948
S7: 009.086749
S8: 006.490297

Av: 317.439584
Pdiss: 000.077072 mW
